1

-23.213045

-46.798158

03

07

2006

16

30

img
0.84	0.77	0.84	0.81	0.84	0.81	0.84	0.84	0.81	0.77	0.81	0.74	0.81	0.77	0.81	0.77	0.81	0.77	0.77	nan	0.81	0.77	0.81	0.77	0.81	0.74	0.84	0.81	0.87	0.81	0.90	0.90	0.77	0.84	0.81	0.87	0.81	0.87	0.81	0.87	0.77	0.81	0.74	0.81	0.74	0.81	0.77	0.77	0.77	0.77	0.74	0.81	0.77	0.81	0.77	0.81	0.77	0.81	0.77	0.84	0.81	0.87	0.87	0.94	0.81	0.77	0.87	0.81	0.84	0.81	0.87	0.81	0.87	0.77	0.81	0.77	0.81	0.74	0.81	0.77	0.81	0.77	0.81	0.74	0.81	0.74	0.81	0.77	0.81	0.77	0.84	0.81	0.84	0.81	0.90	0.87	0.77	0.84	0.77	0.84	0.81	0.84	0.84	0.87	0.81	0.84	0.77	0.81	0.77	0.77	0.74	0.81	0.74	0.81	0.74	0.81	0.74	0.81	0.77	0.81	0.74	0.81	0.77	0.84	0.81	0.84	0.84	0.94	0.81	0.77	0.84	0.81	0.84	0.81	0.87	0.81	0.84	0.77	0.81	0.77	0.77	0.74	0.77	0.74	0.77	0.74	0.81	0.74	0.77	0.74	0.81	0.77	0.81	0.77	0.81	0.77	0.84	0.84	0.90	0.87	0.77	0.81	0.81	0.84	0.81	0.84	0.81	0.84	0.81	0.81	0.74	0.81	0.74	0.77	0.74	0.77	0.74	0.81	0.74	0.81	0.74	0.81	0.74	0.81	0.74	0.81	0.77	0.84	0.81	0.87	0.84	0.94	0.81	0.77	0.84	0.77	0.84	0.81	0.84	0.84	0.84	0.77	0.77	0.77	0.77	0.74	0.77	0.74	0.77	0.74	0.77	0.74	0.77	0.77	0.81	0.77	0.81	0.77	0.81	0.81	0.87	0.84	0.87	0.87	0.77	0.84	0.77	0.84	0.77	0.81	0.81	0.84	0.81	0.84	0.77	0.81	0.74	0.77	0.74	0.77	0.74	0.77	0.74	0.77	0.74	0.81	0.74	0.81	0.77	0.81	0.77	0.84	0.81	0.87	0.87	0.94	0.84	0.77	0.81	0.77	0.81	0.77	0.84	0.81	0.84	0.81	0.81	0.77	0.77	0.74	0.77	0.74	0.77	0.74	0.81	0.77	0.81	0.77	0.77	0.77	0.81	0.77	0.84	0.81	0.84	0.84	0.90	0.87	0.81	0.84	0.77	0.81	0.77	0.81	0.81	0.84	0.81	0.84	0.77	0.81	0.74	0.77	0.74	0.77	0.74	0.77	0.74	0.81	0.74	0.77	0.74	0.81	0.77	0.81	0.81	0.84	0.81	0.87	0.84	0.94	0.84	0.77	0.84	0.77	0.81	0.77	0.84	0.84	0.84	0.81	0.84	0.81	0.77	0.74	0.77	0.74	0.77	0.74	0.77	0.77	0.77	0.74	0.81	0.77	0.81	0.77	0.84	0.81	0.87	0.84	0.94	0.90	0.77	0.81	0.74	0.81	0.77	0.81	0.81	0.84	0.81	0.84	0.84	0.84	0.74	0.77	0.74	0.77	0.71	0.77	0.74	0.77	0.74	0.77	0.77	0.81	0.81	0.81	0.81	0.84	0.84	0.87	0.87	0.94	0.81	0.74	0.81	0.77	0.81	0.77	0.84	0.81	0.81	0.77	0.81	0.77	0.77	0.74	0.77	0.74	0.77	0.74	0.81	0.74	0.77	0.77	0.81	0.81	0.81	0.81	0.84	0.84	0.87	0.87	0.94	0.87	0.77	0.81	0.77	0.81	0.77	0.81	0.81	0.87	0.77	0.81	0.77	0.81	0.77	0.77	0.74	0.81	0.74	0.77	0.77	0.81	0.77	0.81	0.77	0.84	0.81	0.84	0.84	0.87	0.84	0.90	0.87	0.97	0.84	0.77	0.84	0.77	0.81	0.77	0.84	0.81	0.81	0.77	0.81	0.77	0.81	0.74	0.77	0.77	0.77	0.77	0.81	0.77	0.81	0.77	0.84	0.81	0.84	0.81	0.87	0.84	0.90	0.87	0.94	0.90	fim	