2

-23.213045

-46.798158

03

07

2006

16

30

img
0.82	0.82	0.89	0.86	0.89	0.86	0.89	0.86	0.82	0.82	0.82	0.79	0.82	0.82	0.82	0.82	0.82	0.82	0.82	nan	0.82	0.82	0.82	0.82	0.82	0.79	0.86	0.82	0.89	0.89	0.93	0.89	0.82	0.82	0.86	0.89	0.86	0.89	0.86	0.89	0.82	0.86	0.82	0.86	0.82	0.82	0.82	0.82	0.82	0.86	0.82	0.82	0.82	0.82	0.82	0.82	0.79	0.82	0.82	0.86	0.89	0.89	0.93	0.93	0.11	0.82	0.86	0.89	0.86	0.86	0.89	0.89	0.86	0.86	0.86	0.82	0.82	0.82	0.82	0.82	0.82	0.82	0.82	0.82	0.82	0.82	0.82	0.82	0.86	0.82	0.86	0.86	0.86	0.89	0.89	0.93	0.82	0.86	0.86	0.86	0.86	0.89	0.89	0.89	0.86	0.86	0.82	0.82	0.82	0.82	0.82	0.82	0.82	0.82	0.82	0.82	0.82	0.82	0.82	0.82	0.82	0.82	0.82	0.86	0.86	0.86	0.89	0.93	0.82	0.82	0.86	0.86	0.89	0.86	0.89	0.86	0.89	0.86	0.86	0.82	0.86	0.86	0.86	0.86	0.86	0.86	0.82	0.82	0.82	0.82	0.82	0.82	0.82	0.82	0.86	0.86	0.89	0.89	0.93	0.93	0.82	0.82	0.86	0.86	0.89	0.89	0.86	0.89	0.86	0.86	0.82	0.86	0.86	0.89	0.86	0.86	0.89	0.89	0.82	0.82	0.82	0.82	0.82	0.82	0.82	0.82	0.82	0.82	0.86	0.89	0.89	0.93	0.86	0.82	0.86	0.86	0.89	0.86	0.89	0.89	0.86	0.86	0.82	0.86	0.89	0.89	0.86	0.89	0.89	0.89	0.82	0.82	0.86	0.82	0.82	0.82	0.82	0.86	0.86	0.86	0.86	0.89	0.89	0.93	0.86	0.89	0.86	0.86	0.86	0.86	0.89	0.89	0.86	0.86	0.86	0.86	0.86	0.89	0.86	0.89	0.86	0.89	0.82	0.86	0.82	0.86	0.82	0.82	0.82	0.82	0.82	0.89	0.86	0.89	0.89	0.93	0.86	0.82	0.82	0.82	0.86	0.82	0.86	0.86	0.89	0.86	0.82	0.86	0.89	0.86	0.86	0.86	0.86	0.89	0.86	0.82	0.82	0.82	0.82	0.82	0.82	0.86	0.86	0.86	0.89	0.89	0.93	0.93	0.82	0.86	0.82	0.86	0.82	0.86	0.86	0.89	0.86	0.86	0.86	0.86	0.86	0.86	0.89	0.86	0.86	0.89	0.86	0.86	0.82	0.82	0.82	0.82	0.82	0.86	0.86	0.86	0.89	0.89	0.89	0.93	0.86	0.82	0.86	0.82	0.86	0.82	0.89	0.86	0.89	0.89	0.89	0.86	0.89	0.86	0.89	0.86	0.86	0.86	0.86	0.82	0.86	0.82	0.82	0.82	0.86	0.86	0.86	0.86	0.89	0.93	0.93	0.93	0.82	0.86	0.82	0.82	0.82	0.82	0.86	0.89	0.89	0.89	0.86	0.89	0.86	0.89	0.86	0.86	0.86	0.89	0.86	0.82	0.79	0.82	0.82	0.82	0.86	0.89	0.86	0.89	0.89	0.93	0.93	0.96	0.82	0.82	0.82	0.82	0.82	0.82	0.89	0.86	0.86	0.86	0.82	0.82	0.86	0.86	0.86	0.86	0.89	0.86	0.86	0.82	0.86	0.82	0.86	0.86	0.86	0.86	0.89	0.89	0.93	0.93	0.96	0.93	0.82	0.82	0.82	0.86	0.82	0.82	0.86	0.89	0.82	0.86	0.82	0.82	0.86	0.86	0.86	0.89	0.86	0.89	0.86	0.82	0.82	0.82	0.82	0.86	0.86	0.86	0.89	0.89	0.93	0.93	0.96	0.96	0.86	0.86	0.86	0.82	0.86	0.86	0.86	0.89	0.82	0.82	0.82	0.82	0.86	0.86	0.86	0.86	0.86	0.82	0.82	0.82	0.82	0.86	0.86	0.86	0.86	0.89	0.93	0.89	0.93	0.93	0.93	0.96	0.86	0.89	0.86	0.86	0.86	0.89	0.89	0.89	0.82	0.82	0.82	0.82	0.82	0.82	0.86	0.82	0.82	0.82	0.82	0.82	0.86	0.86	0.86	0.86	0.86	0.89	0.89	0.89	0.93	0.93	0.96	0.96	fim	