1
-23.213045
-46.798158
03
07
2006
16
30

img
26,02	24,55	26,88	25,17	26,78	25,71	26,94	26,19	25,37	24,3	25,28	23,72	25,16	24,2	25,08	24,18	25,63	24,29	24,97	nan	25,72	24,11	25,65	24,29	25,66	23,73	26,02	25,74	27,45	25,94	28,91	28,09	24,21	26,24	25,71	27,24	25,25	27,17	25,41	27,25	24,3	25,23	23,88	25,24	23,85	25,13	24,02	24,97	24,42	24,99	23,31	25,34	24,07	25,81	24,8	25,49	24,15	25,32	24,65	26,27	25,68	27,47	27,26	29,25	25,82	24,36	27,09	25,93	26,9	25,08	27,09	25,76	27,18	24,71	25,87	24,46	25,3	23,85	25,06	24,29	25,69	24,13	25,57	23,86	25,35	23,94	25,08	24,95	25,63	24,78	26,07	25,03	26,63	25,61	28,6	27,72	24,1	26,19	24,88	26,64	25,39	26,9	26,02	27,04	25,24	26,22	24,35	25,65	24,23	24,52	23,73	25,32	23,56	25,06	23,71	25,11	23,77	25,46	24,32	25,48	23,95	25,59	24,54	26,21	25,65	26,8	26,54	29,85	25,62	24,18	26,54	25,58	26,76	25,43	27,26	25,65	26,54	24,56	25,4	24,05	24,91	23,64	24,98	23,62	24,31	23,64	25,02	23,94	24,82	23,94	25,4	24,3	25,21	24,27	25,68	24,85	26,69	26,19	28,14	27,37	24,6	25,69	25,38	26,61	25,47	26,39	25,65	26,98	25,24	25,77	23,71	25,39	23,55	24,54	23,56	24,54	23,68	25,07	23,59	25,25	23,29	25,37	23,98	25,11	23,97	25,06	24,99	26,11	25,97	27,18	26,91	29,3	25,85	24,31	26,71	24,92	26,37	25,18	26,81	26,01	26,38	24,87	24,62	24,04	24,43	23,39	24,66	23,75	24,64	23,46	24,87	23,88	24,76	24,01	25,13	24,32	25,26	24,01	25,95	25,2	27,31	26,27	27,94	27,75	24,61	26,58	24,71	26,34	24,73	25,82	25,78	26,57	25,65	26,21	24,18	25,02	23,45	24,6	23,17	24,64	23,28	24,6	23,74	24,81	23,96	25,23	23,76	25,27	24,24	25,11	24,86	26,44	25,51	27,25	27,1	29,36	26,64	24,09	25,89	24,64	25,58	24,25	26,7	25,76	26,45	25,2	25,19	24,02	24,72	23,83	24,47	23,64	24,61	23,21	25,02	24,1	25,1	24,2	24,89	24,01	25,97	24,42	26,48	25,3	26,91	26,01	28,34	27,35	25,19	26	24,74	25,93	24,31	25,47	25,82	26,82	25,26	26,5	24,51	25,47	23,84	24,54	23,87	24,66	23,5	24,56	23,66	25,12	23,57	24,98	23,68	25,09	24,4	25,99	25,31	26,92	25,95	27,55	26,65	29,24	26,39	24,53	26,15	24,47	25,54	24,6	26,18	26,06	26,71	25,38	26,83	25,02	24,62	23,95	24,64	23,87	24,53	23,35	24,98	24,04	24,8	23,95	25,14	24,33	25,59	24,77	26,21	25,84	27,43	26,34	29,07	28,01	24,49	25,99	23,99	25,6	24,43	25,2	25,48	26,54	25,54	26,51	26,03	26,02	23,95	24,57	23,67	24,36	22,88	24,46	23,63	24,88	23,94	24,87	24,11	25,32	25,11	25,73	25,66	26,47	26,39	27,71	27,37	29,83	25,68	23,64	25,39	24,6	25,57	24	26,64	25,17	25,22	24,28	25,39	24,08	24,93	23,36	24,51	23,59	24,76	23,2	25,25	23,75	24,89	24,07	25,39	25,21	25,98	25,68	26,91	26,6	27,8	27,5	29,14	27,94	24,18	25,14	24,36	25,44	24,28	25,42	25,56	27,3	24,37	25,05	24,05	25,4	24,1	24,64	23,71	25,15	23,56	24,62	24,09	25,61	24,4	25,48	24,53	26,08	25,42	26,7	26,53	27,31	26,8	28,41	27,61	30,64	26,34	24,55	26,31	24,68	25,7	24,5	26,68	25,7	25,44	24,13	25,5	24,4	25,05	23,78	24,76	24,05	24,92	24,01	25,49	24,52	25,55	24,81	26,12	25,14	26,75	25,79	27,55	26,91	28,73	27,31	29,6	28,48	25,22	26,01	24,89	26,02	24,88	26,23	25,97	27,13	24,15	25,24	24,3	25,38	24,25	25,16	24,29	25,4	24,39	25,29	24,5	25,74	25,06	25,73	25,12	26,99	25,86	27,11	26,56	28,47	27,63	29,02	28,46	30,06	27,12	25,76	26,83	24,91	26,25	25,43	25,91	23,78	25,42	23,91	25,5	24,34	25,3	23,92	25,01	24,39	25,12	24,66	25,77	24,7	26,25	25,81	26,58	25,5	27,21	26,22	28,04	27,54	29,39	28,03	30,01	28,55	26,78	27,58	25,62	26,76	25,6	27,1	24,38	25,63	24,47	25,41	24,63	25,39	24,11	25,27	23,69	25,47	24,43	25,5	25,02	25,83	25,4	26,76	25,98	27,47	26,38	27,95	26,92	29,27	27,88	29,27	29,15	30,54	28,1	26,62	27,77	26,34	27,36	25,67	26,29	24,85	26	24,78	25,99	24,84	26,25	25,05	25,55	25,36	26,19	24,83	26,6	25,78	27,29	26,02	27,56	26,99	28,35	27,3	29,26	28,35	30,05	28,7	31,11	29,08	27,29	28,46	26,91	27,59	26,31	27,14	25,71	26,39	25,22	26,41	25,41	26,67	24,95	25,71	24,98	26,43	25,26	26,28	25,55	26,8	25,92	27,49	27,01	27,84	27,35	28,37	27,98	29,54	28,71	30,51	29,23	30,49	30,38	27,73	29,13	27,7	27,71	26,52	27,14	26,31	26,82	25,65	27,28	25,54	27,14	25,42	26,93	26,24	27,33	25,82	27,53	26,86	27,49	26,73	28,65	27,18	28,79	28,13	29,49	29,29	30,15	28,98	31,09	28,9	28,69	29,38	28,23	28,76	26,85	27,79	26,91	27,12	26,37	27,02	26,13	27,7	26,19	27,31	26,12	27,07	26,14	27,47	26,19	28,02	26,69	28,16	27,66	28,81	28,09	29,34	28,78	30,28	28,99	29,92	28,87	30,34	30,47	28,65	30,31	28,68	29,27	27,22	28,55	26,91	27,93	26,74	28,02	26,83	27,82	26,4	28,1	27,13	27,89	26,86	28,17	27,39	28,68	27,95	29,16	28,42	30,11	28,66	30,24	29,16	30,05	29,26	30,5	29,26	29,17	30,31	28,85	29,75	28,2	28,98	28,05	28,96	27,22	28,32	27,17	28,04	27,37	28,13	26,97	28,58	27,26	28,26	27,54	28,97	28,02	28,86	28,44	29,55	28,81	29,91	28,63	30,09	28,55	30,04	28,56	31,11