2
-23.213045
-46.798158
03
07
2006
16
30

img
23,95	23,94	25,23	24,22	25,05	24,45	25	24,68	23,75	23,34	23,46	22,98	23,5	23,34	23,43	23,53	23,94	23,44	23,33	nan	23,7	23,28	23,65	23,81	23,68	22,89	24,12	23,88	25,37	25,13	26,68	25,58	23,33	23,91	24,95	25,33	24,97	25,21	24,91	25,67	23,68	24	23,63	24,2	23,75	23,24	23,18	23,67	23,88	24,06	23,03	23,28	23,03	23,76	23,24	23,06	22,81	23,54	23,67	24,58	25,02	25,87	26,32	26,99	3,94	23,9	24,75	25,11	24,93	24,55	25,29	25,01	24,79	24,61	24,4	23,03	23,77	23,82	23,36	23,39	23,8	23,92	23,32	23,51	23,65	23,43	23,62	23,57	24,02	23,81	24,13	24,01	24,74	25,13	25,83	26,47	23,15	24,29	24,49	24,9	24,84	25,09	25,22	25,22	24,73	24,91	23,83	23,58	23,83	23,5	23,89	23,95	23,53	23,86	23,69	23,56	23,76	23,74	23,26	23,62	23,35	23,95	23,27	24,25	24,21	24,66	25,27	26,81	23,49	23,39	24,58	24,28	25,34	24,65	25,45	24,82	25,42	24,93	24,41	23,68	24,41	24,77	24,33	24,44	24,69	24,42	23,8	23,19	23,45	23,7	23,71	23,59	23,53	23,24	24,1	24,12	25,4	25,16	26,08	26,78	23,8	23,95	24,68	24,63	25,02	25,14	24,81	25,13	24,71	24,96	23,3	24,74	24,85	25,37	24,18	24,73	25,3	25,03	23,98	23,69	23,2	23,43	23,27	23,57	23,46	23,76	23,85	23,9	24,25	25,02	25,32	26,76	24,11	23,89	24,74	24,18	25,11	24,5	25,53	25,34	24,84	24,27	23,97	24,71	25,24	25,14	24,98	25,17	25,27	25,01	23,65	23,41	24,05	23,9	23,04	23,42	23,54	24,26	24,35	24,05	24,73	25,19	25,85	26,15	24,57	25,03	24,79	24,92	24,43	24,7	25,26	25,08	24,5	24,47	24,1	24,86	24,97	25,2	24,4	25,11	24,81	25,03	23,96	24,07	23,28	24,16	23,51	23,74	23,65	23,96	23,88	25,02	24,62	25,28	25,72	26,58	24,06	23,59	23,69	23,68	24,1	23,95	24,66	24,67	25,43	24,92	23,62	24,08	25,15	24,82	24,92	24,83	24,87	25,02	24,82	23,41	23,49	23,53	23,51	23,6	23,7	24,07	24,25	24,3	25,36	25,75	26,69	26,21	23,66	24,42	23,77	24,12	23,99	24,89	24,56	25,48	24,97	24,58	24,04	24,56	24,99	24,94	25,04	24,57	24,79	25,41	24,2	24,18	23,22	23,88	23,06	23,7	23,97	24,09	24,68	24,67	25,02	25,57	25,91	26,67	24,01	23,82	24,75	23,91	24,24	23,92	25,21	24,95	25,48	25,06	25,43	24,7	25,04	24,61	25,21	24,65	24,72	24,61	24,24	23,68	24,4	23,61	23,92	23,15	24,38	24,56	24,55	24,43	25,86	26,25	26,75	26,84	23,6	24,2	23,42	23,58	23,71	23,9	24,9	25,54	25,02	25,43	24,84	25,11	24,9	25,3	24,13	24,89	24,78	25,13	24,65	23,92	22,89	23,6	23,46	23,73	24,1	25,28	24,43	25,37	25,05	26,53	26,17	27,03	23,71	23,77	23,98	23,42	23,89	23,67	25,13	24,82	24,52	24,16	23,82	23,57	24,63	24,58	24,74	24,74	25,1	24,63	24,82	23,89	24,33	23,57	24	24,41	24,43	24,56	25,64	25,2	26,44	26,4	27,48	26,78	23,47	23,75	23,59	24,16	23,91	23,71	24,45	25,78	23,52	24,32	23,74	23,96	24,83	24,61	24,48	25,02	24,44	25,11	24,38	23,97	23,69	23,87	23,9	24,32	24,45	24,78	25,11	25,85	26,06	26,43	27,28	27,41	24,59	24,08	24,5	23,91	24,2	24,33	24,99	25,13	23,85	23,47	23,74	23,54	24,26	24,06	24,33	24,16	24,46	23,77	23,53	23,82	23,96	24,43	24,38	24,36	24,86	25,23	26,11	25,54	26,57	26,86	26,84	27,11	24,33	25,26	24,11	24,38	24,53	25,24	25,02	25,4	23,83	23,63	23,62	23,76	23,48	23,68	24,23	23,57	23,63	23,96	23,42	23,59	24,01	24,59	24,65	24,87	24,71	25,4	25,35	25,86	26,51	26,87	27,06	27,73	25,19	24,46	24,86	24,12	25,16	25,47	24,78	24,23	23,68	23,29	23,59	23,49	23,52	23,69	23,93	23,34	23,84	23,77	24,34	23,85	24,5	24,46	24,87	25,27	26,45	26,27	26,44	26,19	26,83	27,61	27,73	27,67	25,72	25,81	24,88	25,12	24,72	25,59	24,22	24,86	23,64	24,35	23,47	23,62	23,73	24,13	23,68	24,18	24,03	24,54	24,5	24,21	25,24	25,32	24,86	25,55	25,66	26,44	25,92	27,27	26,56	27,34	26,86	27,98	26,63	25,15	25,62	25,41	25,73	24,82	25,19	24,7	24,65	24,33	24,26	23,68	24,67	24,01	24,14	24,19	24,77	24,65	24,51	24,44	25,03	25,38	25,52	25,73	26,52	26,27	27,11	26,86	27,73	27,28	28,13	27,31	26,7	26,52	25,8	25,99	25,07	25,67	24,82	24,69	24,79	25,18	24,61	24,74	24,27	24,26	24,66	24,99	24,09	24,85	24,9	25,03	25,25	25,9	25,36	26,33	26,49	26,54	26,66	27,36	27,24	28,17	27,43	27,45	27,65	26,52	27,22	25,59	26,13	25,53	25,53	25,51	25,68	24,9	24,87	24,95	25,42	24,97	25,22	24,75	25,59	25,67	25,48	25,2	26,15	25,97	26,46	26,34	27	26,79	27,58	27,62	27,62	27,62	28,07	27,44	27,48	27,92	27,37	27,02	26,05	26,17	25,12	25,87	25,25	25,85	25,19	25,44	25,2	25,39	24,98	25,51	25,66	25,88	25,24	25,93	26,1	26,44	26,43	26,58	27,1	26,95	27,31	27,7	27,11	28,05	27,4	27,01	28,89	27,28	28,26	26,61	26,93	26,13	26,6	26,37	26,32	26,27	26,21	25,4	26,52	25,85	26,07	25,87	26,21	26,51	26,34	26,36	27,23	27,12	26,99	27,32	27,98	27,6	27,5	28,02	28,51	27,51	27,22	27,06	28,01	28,23	27,65	27,85	27,29	27,43	26,28	26,95	26,56	26,67	25,74	26,53	26,24	26,43	25,86	26,53	25,57	26,74	26,46	26,93	26,36	27,21	26,67	27,15	27,05	27,53	26,99	27,52	27,44	27,98	26,57	27,45